1 0 1 1 1 0 1 0 0 1 1 1 1 0 0 0 0 1 0 0 0 0 0 0 0 0 1 0 1 1 1 0 0 0 0 0 0 0 0 0 0 0 1 0 1 1 0 0 0 0 1 1 1 0 1 0 0 1 1 0 0 0 0 0 0 0 0 0 1 0 0 0 0 1 1 0 1 0 1 0 0 0 0 0 0 0 0 0 0 0 1 1 0 1 0 0 0 0 1 0 0 0 0 0 1 0 1 0 0 0 0 0 0 1 1 1 0 0 0 0 1 0 0 0 0 0 0 0 8203.000000
1 0 0 0 0 0 0 0 0 0 1 0 1 0 0 0 1 1 1 1 1 0 0 0 0 1 0 1 1 0 0 0 0 1 0 0 0 0 0 1 0 0 0 0 1 0 1 0 0 0 0 1 1 0 1 1 0 1 1 0 1 0 1 0 1 0 0 0 0 0 1 0 0 0 1 0 0 0 0 0 1 0 0 0 0 0 0 1 0 0 0 0 1 0 0 0 0 0 0 0 0 0 0 0 0 0 0 0 0 0 1 0 0 0 0 0 0 0 0 0 0 1 0 1 0 0 0 0 8705.000000
1 1 1 1 1 0 0 1 0 0 1 1 1 0 0 1 1 1 1 1 1 1 0 0 1 1 1 0 0 1 0 0 1 1 1 0 1 1 0 0 1 0 1 1 0 0 1 0 1 1 1 0 1 1 1 0 1 1 0 0 1 1 1 0 0 0 0 0 0 0 0 0 0 0 1 0 0 0 0 0 1 0 0 0 0 0 0 0 1 0 0 0 0 0 0 0 0 0 0 0 1 0 1 0 0 0 1 0 0 0 1 0 0 1 1 0 0 0 0 0 0 0 0 0 0 0 0 0 8039.000000
1 1 0 1 1 1 0 1 1 0 0 0 1 1 0 1 1 1 1 1 1 1 1 0 0 0 1 1 1 0 1 0 1 1 1 1 1 1 1 1 0 0 1 1 0 1 1 1 0 1 1 1 1 1 1 0 1 1 1 1 0 0 0 1 1 1 1 0 1 1 1 1 1 1 0 1 0 1 0 1 0 1 1 1 1 1 1 1 1 1 1 1 0 1 1 1 1 1 1 1 1 0 0 1 1 1 1 1 1 1 1 1 1 1 1 1 1 0 1 1 0 1 1 1 0 1 1 1 10000.000000
1 1 1 1 1 0 1 0 1 0 0 0 0 1 1 1 1 1 0 1 1 0 1 1 1 1 0 1 0 0 0 0 1 0 0 0 0 0 0 0 0 0 0 0 0 0 0 0 0 0 0 0 0 0 0 0 0 1 1 0 0 1 1 1 0 0 0 1 1 0 0 1 1 1 0 0 1 0 1 0 0 0 1 1 1 1 0 1 1 1 1 1 1 1 0 1 1 1 1 0 1 1 0 1 0 1 1 1 1 1 1 1 0 1 0 0 1 1 1 1 1 1 1 1 1 1 1 1 9990.000000
1 1 1 1 0 1 1 0 1 1 1 1 1 0 1 1 1 0 1 0 1 1 0 1 1 0 1 0 1 0 0 0 1 0 1 0 1 1 1 0 1 1 1 1 1 1 1 1 1 1 1 1 0 1 1 1 1 0 1 0 1 1 1 0 1 0 1 1 0 1 0 0 1 0 1 1 1 1 0 0 1 0 0 0 0 0 0 0 0 0 0 0 0 0 0 0 0 0 1 0 0 0 0 0 0 0 0 0 0 0 1 0 0 1 0 0 0 0 0 0 0 1 0 1 1 0 1 0 9703.000000
1 0 0 0 0 1 0 1 1 1 0 0 0 0 0 0 0 0 0 0 0 0 1 0 0 0 0 0 0 0 0 0 1 0 0 0 1 0 0 0 1 1 1 0 0 0 1 0 1 0 1 0 0 1 0 0 0 0 0 1 0 0 0 0 0 0 0 0 0 0 1 0 0 0 0 0 0 0 0 0 0 0 0 0 0 0 0 0 1 0 0 0 0 0 1 0 1 0 0 1 0 0 0 0 0 0 0 0 0 1 0 1 0 0 1 0 0 0 1 0 0 0 0 0 0 0 0 0 8898.000000
1 0 1 0 1 1 1 0 1 1 0 1 1 1 0 1 1 1 1 1 0 0 1 1 1 0 0 1 1 1 1 0 1 0 0 0 1 0 1 1 1 1 0 0 1 1 1 1 1 1 0 1 0 0 0 0 0 1 0 1 0 1 1 0 1 0 0 0 1 0 1 0 1 0 0 1 0 0 1 0 1 0 0 1 0 0 1 0 0 0 0 0 0 0 0 0 0 0 0 0 0 0 0 0 0 0 0 0 0 0 0 0 1 0 0 0 1 1 1 0 0 1 0 0 0 0 0 0 9057.000000
1 0 0 1 1 1 0 1 1 1 1 0 0 0 0 1 0 0 0 1 1 1 0 1 0 0 0 0 1 1 0 0 1 0 1 1 1 1 0 1 1 0 1 1 0 0 0 0 0 0 0 0 0 0 0 0 1 0 0 0 0 0 0 0 0 0 0 1 0 0 1 0 0 1 0 0 0 0 0 0 0 0 0 0 0 0 1 0 1 0 1 0 0 0 0 0 1 1 0 0 0 0 0 1 1 1 0 0 0 0 0 0 0 1 0 0 0 0 0 0 0 0 0 0 0 0 0 0 9509.000000
1 1 0 0 1 0 1 1 1 0 1 1 0 1 1 0 0 0 1 1 1 0 1 0 0 1 1 1 1 0 0 0 0 0 0 0 1 0 1 1 1 1 1 1 1 1 1 1 1 1 1 1 1 1 1 1 1 1 1 1 1 1 1 1 1 1 1 0 1 1 0 1 1 0 0 0 1 1 1 1 0 1 0 0 0 1 1 0 1 1 1 0 0 1 0 1 0 1 1 0 0 1 1 1 1 0 0 1 1 1 1 1 0 0 1 1 1 1 1 1 1 1 1 1 1 1 1 1 10000.000000
1 0 1 0 1 1 1 0 0 0 0 0 0 1 1 0 0 0 1 0 0 0 0 0 0 0 0 0 0 1 1 0 0 0 1 1 0 1 1 0 0 0 0 1 0 0 1 1 0 1 1 0 0 0 0 0 0 1 1 0 0 0 1 0 0 0 1 0 0 0 0 0 1 0 0 0 1 0 0 1 0 0 0 0 0 1 0 0 0 0 0 0 0 0 0 0 0 0 0 0 0 0 0 0 1 1 1 0 0 0 0 0 0 0 0 0 0 0 0 0 0 0 1 0 0 0 0 0 8608.000000
1 1 1 1 1 1 1 1 1 1 1 1 1 1 1 0 1 1 0 1 1 1 1 1 0 0 0 1 1 1 1 0 1 1 0 0 1 1 1 0 0 1 1 1 1 1 1 1 1 0 0 1 1 0 1 1 0 1 1 1 0 1 0 1 1 1 1 0 0 0 1 1 1 1 1 0 1 0 1 1 1 1 1 1 0 1 1 1 1 1 1 1 0 0 0 1 0 1 0 1 1 1 0 1 0 1 1 1 1 1 1 1 1 1 1 1 1 0 1 1 1 1 0 1 1 1 1 1 10000.000000
1 0 1 1 1 1 1 1 1 1 1 1 1 1 1 1 0 0 0 1 1 0 1 1 0 1 1 1 1 0 1 0 1 0 1 0 1 1 0 0 0 0 0 1 0 1 1 1 1 1 1 1 0 0 1 1 0 0 0 1 0 1 0 1 0 1 0 1 1 0 0 0 1 1 0 0 1 0 1 0 1 1 1 1 1 0 0 1 1 0 0 1 1 0 1 1 0 1 0 0 1 1 1 0 0 1 0 0 1 0 1 1 1 1 1 1 0 1 1 1 1 1 1 1 1 1 1 1 10000.000000
1 1 1 1 0 0 1 0 1 1 1 0 1 1 1 1 1 0 1 1 1 0 1 1 1 1 1 1 1 0 1 0 0 0 1 1 1 0 1 0 0 1 1 0 1 1 0 0 0 0 0 0 0 0 0 0 1 0 0 0 0 0 0 0 0 0 0 0 0 0 0 0 0 1 0 0 0 0 0 0 0 0 0 1 0 0 0 0 0 0 0 0 1 0 0 1 0 0 0 0 1 0 0 0 0 0 0 0 0 0 0 0 1 0 1 0 1 0 0 0 1 0 0 0 0 0 0 0 7259.000000
1 0 1 0 1 1 0 0 1 0 1 1 1 1 1 0 0 0 0 0 1 0 1 0 0 0 1 1 1 0 1 0 0 0 0 0 0 0 1 0 0 0 0 0 0 1 0 0 0 0 0 0 0 0 1 0 0 0 1 1 1 0 1 0 0 0 0 0 0 1 0 0 1 0 0 0 0 0 0 0 1 0 0 0 0 0 1 0 0 0 0 0 0 0 0 0 0 0 0 0 0 0 0 0 0 0 0 0 0 1 0 0 0 0 0 0 0 0 0 0 0 1 0 0 0 0 0 0 8646.000000
1 0 1 1 1 1 1 1 0 0 1 0 0 1 0 0 1 0 1 0 1 1 1 1 1 1 1 1 0 0 0 0 1 1 1 0 1 1 1 1 0 1 0 0 1 0 1 1 1 0 0 1 1 1 1 0 0 0 1 0 0 0 1 0 1 0 1 0 0 0 0 0 1 0 0 0 0 0 0 0 0 0 0 0 0 0 0 0 0 0 0 0 0 1 0 0 0 0 0 1 0 0 1 0 1 0 0 1 0 0 0 0 0 0 0 0 0 0 0 0 1 0 0 0 0 0 0 0 9778.000000
1 1 1 0 1 1 0 0 1 0 0 0 0 0 1 1 0 1 0 0 1 0 1 1 1 0 0 1 0 1 0 0 1 1 1 1 1 1 1 1 0 1 1 0 0 0 1 1 1 0 1 1 1 0 1 1 1 1 0 0 1 1 0 1 1 1 1 0 1 1 1 0 1 0 1 0 0 1 0 1 1 1 1 1 0 1 1 1 1 1 0 1 1 1 1 1 0 0 1 1 1 1 0 1 0 1 1 1 1 0 1 1 1 1 0 1 1 0 0 1 1 1 1 1 1 1 1 1 10000.000000
1 1 1 1 1 1 1 1 1 1 1 0 1 0 1 0 1 1 0 1 1 0 0 0 0 0 1 1 1 0 1 0 0 1 1 0 0 1 0 1 0 1 1 1 1 1 0 1 1 1 1 0 1 1 1 1 0 0 1 1 0 0 1 1 1 1 1 1 0 1 0 1 1 0 1 0 0 0 1 1 0 1 1 0 1 0 0 1 1 0 1 1 1 0 1 1 1 0 1 1 1 1 1 1 0 1 0 0 0 0 1 1 0 1 0 1 0 1 1 1 1 0 1 1 1 1 1 1 9997.000000
1 1 0 0 0 1 0 0 0 0 0 1 0 0 0 0 0 1 0 0 1 1 1 1 1 1 0 1 0 1 0 0 1 1 1 0 1 1 1 0 0 0 0 0 1 0 0 0 0 0 1 0 0 0 0 0 1 1 0 1 1 0 1 0 1 1 0 0 0 0 0 0 1 0 0 0 0 0 0 0 1 0 0 0 1 1 0 0 1 0 0 0 0 1 0 0 0 0 0 0 0 0 0 1 1 0 0 0 0 0 0 0 0 0 1 1 0 0 1 0 0 1 1 0 0 0 0 0 7344.000000
1 1 1 1 1 0 1 0 0 0 1 1 1 0 1 0 1 0 1 1 1 0 0 1 1 1 1 1 1 0 0 0 1 1 0 0 1 1 0 0 0 0 1 1 1 1 1 0 1 1 1 0 1 0 1 0 1 0 1 1 1 1 1 0 1 0 0 0 1 0 1 0 1 0 0 1 0 0 1 1 1 1 1 0 1 0 0 0 0 0 0 0 0 0 0 0 0 1 0 0 0 1 0 0 1 0 0 1 0 1 1 0 0 0 0 0 1 1 0 0 0 0 0 0 0 0 0 0 7793.000000
1 1 1 1 1 1 1 0 0 0 0 0 1 1 0 1 1 1 1 1 1 0 0 0 1 0 0 0 0 0 1 0 1 0 0 0 0 0 0 0 0 0 1 0 1 1 0 1 0 1 1 1 1 0 0 0 1 0 1 0 1 1 1 0 0 1 0 0 0 0 1 0 0 0 0 0 1 0 0 1 1 0 1 0 0 0 0 0 0 0 0 0 0 0 0 0 1 1 0 0 0 0 0 0 0 0 0 0 0 0 1 0 1 0 0 0 0 1 0 0 1 0 0 0 1 0 0 0 7886.000000
1 0 1 1 1 1 1 0 0 0 0 1 1 1 0 0 1 0 0 1 0 1 0 0 1 1 0 0 0 0 0 0 0 0 1 1 1 0 0 0 0 0 0 0 0 0 1 1 0 0 0 1 0 0 1 1 0 0 1 0 0 0 1 1 0 1 1 1 0 1 0 1 1 0 0 0 0 0 1 1 0 0 0 1 1 0 1 1 1 1 1 0 1 1 0 1 1 1 1 1 0 0 1 0 0 1 1 1 0 1 1 1 0 1 1 1 0 1 1 1 1 0 0 1 1 1 1 1 10000.000000
1 1 0 1 1 1 0 0 1 0 0 1 0 0 1 0 0 0 0 0 0 0 1 0 1 1 0 1 0 0 1 0 0 0 0 0 1 0 0 0 1 0 0 0 1 0 0 0 0 0 1 0 0 0 0 0 0 0 0 1 0 0 0 0 0 0 0 0 1 1 0 0 0 0 0 1 1 0 1 0 1 1 0 0 0 0 0 0 0 0 1 0 0 0 0 0 0 0 0 0 0 0 0 0 0 0 0 0 0 0 0 0 0 1 0 0 0 0 0 1 0 0 0 0 1 0 0 0 9105.000000
1 1 1 1 1 0 1 1 1 1 1 0 0 1 1 1 1 1 1 1 1 0 0 1 1 1 0 1 1 1 1 0 1 1 1 0 1 0 1 0 0 1 1 1 1 1 1 1 1 0 1 1 1 1 1 1 1 0 1 1 1 1 1 0 0 0 1 0 0 0 0 0 0 0 0 0 0 0 0 0 0 0 1 0 0 0 0 0 1 0 0 0 1 0 1 0 0 0 1 0 0 0 0 0 1 1 0 0 0 0 0 0 0 0 0 0 0 0 0 0 0 0 0 0 0 0 0 0 7145.000000
1 1 1 1 1 1 1 0 1 0 0 1 0 1 1 1 1 1 1 1 1 1 1 0 1 0 1 1 0 0 1 0 1 0 1 1 1 1 1 1 1 1 1 1 1 0 1 0 1 1 1 1 1 0 0 0 0 0 1 0 1 1 1 0 1 0 0 1 0 0 0 0 0 0 0 0 0 0 1 0 1 0 0 0 0 0 0 0 0 0 1 1 1 1 1 0 0 0 1 1 0 0 1 0 1 0 0 0 0 0 0 0 1 0 1 0 1 0 0 0 0 0 0 0 0 0 0 0 7477.000000
1 0 1 0 1 0 1 0 0 0 1 0 1 0 0 0 1 0 0 1 0 0 0 1 0 0 1 1 1 0 1 0 0 0 0 1 0 1 0 0 0 1 1 0 0 0 0 0 1 0 1 1 0 0 0 0 1 1 1 1 1 0 0 0 0 0 0 0 1 1 0 0 1 0 0 0 0 0 0 0 0 0 0 0 0 0 0 1 0 0 0 0 0 0 0 0 0 0 0 0 0 1 0 0 0 0 1 0 0 0 0 0 1 1 0 0 0 0 0 0 0 0 0 0 0 0 0 0 7905.000000
1 1 1 1 0 0 1 0 1 0 1 1 1 1 1 1 1 1 1 1 1 1 1 1 1 0 1 1 0 0 1 0 0 1 1 0 1 1 0 0 0 1 1 1 0 1 1 1 1 1 1 1 0 1 1 1 1 1 1 0 1 0 1 1 0 1 0 1 1 1 1 1 1 0 1 1 1 0 1 1 1 1 0 0 1 1 1 1 1 1 1 1 1 1 1 1 1 1 1 0 1 0 0 1 0 1 1 1 1 1 1 1 1 1 1 0 0 1 1 1 0 1 0 1 1 1 1 1 10000.000000
1 0 0 0 0 0 0 1 0 0 0 1 0 0 1 1 1 0 0 0 1 0 0 1 1 0 1 1 1 1 1 0 0 0 1 0 0 1 0 0 0 0 0 0 1 0 0 0 0 0 0 1 0 0 1 0 0 0 0 0 0 1 0 0 0 0 0 0 1 1 0 0 1 0 0 0 0 1 0 0 1 0 0 0 0 0 1 0 0 1 0 0 1 0 1 0 0 0 0 0 1 0 0 0 1 0 0 0 0 0 0 0 0 0 0 0 1 0 0 0 0 0 0 0 0 0 0 0 7155.000000
1 0 1 0 1 1 1 0 1 1 1 0 0 0 0 0 1 0 1 1 1 0 0 0 0 0 0 0 0 0 0 0 1 0 0 0 1 1 0 0 1 0 0 0 1 0 0 0 1 0 1 0 0 0 1 1 1 0 0 0 1 0 0 0 0 1 1 1 1 0 1 1 0 0 0 0 1 0 1 1 0 0 0 0 1 0 0 1 1 0 1 0 0 0 0 0 1 0 0 0 0 0 0 0 1 1 0 0 1 0 0 0 0 1 0 0 1 0 0 0 1 0 0 0 0 0 0 0 9950.000000
1 0 1 1 0 1 0 0 1 0 0 1 0 0 0 1 1 0 1 0 1 0 1 0 1 0 1 1 1 1 0 0 0 0 0 0 0 0 0 0 0 0 1 0 0 1 0 0 1 0 1 0 1 1 0 0 0 0 1 0 1 1 1 0 0 0 0 0 0 1 0 0 0 0 0 0 1 0 1 0 0 0 0 0 0 1 0 1 0 0 0 0 1 0 1 1 0 0 0 0 0 0 0 0 1 0 0 0 0 1 0 1 0 0 0 0 0 0 0 0 0 0 0 0 0 0 0 0 9130.000000
1 1 1 1 1 1 1 0 1 1 0 1 1 1 1 1 1 1 0 0 1 1 0 1 0 1 0 1 1 0 1 0 1 1 1 1 1 1 1 1 1 1 1 1 1 1 0 0 0 1 1 1 1 1 1 1 0 1 0 1 1 1 1 1 1 0 0 0 0 0 0 0 0 1 0 0 0 0 0 0 0 0 0 0 0 0 0 0 0 0 0 0 0 0 0 0 0 0 0 0 0 1 0 1 0 1 0 0 1 0 0 0 0 0 0 0 1 0 0 0 0 0 0 0 0 0 0 0 6746.000000
1 1 0 1 1 0 0 1 1 1 1 1 1 1 1 0 1 0 0 0 0 1 1 1 1 1 1 1 1 1 1 0 1 1 1 1 1 0 1 1 0 0 1 0 1 0 1 1 1 1 1 0 1 0 0 0 1 1 1 0 0 0 0 0 0 1 1 0 0 0 0 0 0 0 0 0 1 0 0 1 0 0 0 0 0 0 0 0 0 1 0 0 0 0 0 0 0 0 0 0 0 0 0 0 0 0 0 0 0 0 0 0 0 1 0 0 0 1 1 0 1 0 0 0 0 0 0 0 8454.000000
1 1 1 0 0 1 1 0 1 1 1 0 1 1 0 1 1 1 1 1 1 1 1 1 1 1 1 1 0 1 0 0 1 1 1 0 1 1 0 0 1 1 0 1 1 1 1 0 0 0 1 1 0 1 1 1 1 0 1 0 0 0 1 0 0 1 0 1 1 1 0 0 1 0 1 0 0 0 1 1 1 0 0 0 0 1 1 0 1 0 0 0 0 0 1 0 0 1 1 0 0 0 1 0 0 0 0 0 0 0 0 0 0 0 0 0 0 0 0 0 0 0 0 0 1 0 0 0 6635.000000
1 1 0 1 0 0 1 0 0 1 1 1 1 1 1 0 1 1 1 1 1 1 1 1 1 0 1 0 1 1 1 0 0 1 1 1 1 0 0 1 1 0 1 1 0 1 1 1 1 1 1 0 1 1 0 0 0 1 0 1 1 0 0 1 1 1 1 1 1 1 1 1 1 0 0 0 1 0 1 1 1 1 1 0 1 1 0 1 1 1 1 0 0 1 1 1 1 1 1 1 0 0 1 0 1 1 1 1 1 0 1 1 1 1 1 1 0 0 1 1 0 1 1 1 1 1 1 1 10000.000000
1 0 0 0 1 1 0 0 0 1 0 0 1 0 0 0 1 1 0 0 0 0 0 1 0 1 0 1 1 0 0 0 1 0 1 1 0 0 0 0 1 0 0 0 0 0 0 0 0 0 0 1 0 0 0 0 0 0 0 0 0 0 1 0 0 0 0 0 0 0 0 0 0 1 0 0 0 0 0 0 1 1 0 1 0 0 0 0 1 0 0 0 0 0 1 0 0 1 0 0 0 0 1 0 0 1 1 0 0 0 1 0 0 0 0 0 0 0 0 0 0 0 0 0 0 0 0 0 7541.000000
1 0 1 0 0 0 1 0 1 0 0 0 0 1 1 0 0 0 0 0 1 1 1 0 1 0 0 1 0 0 0 0 0 0 0 0 1 0 0 0 0 0 1 1 1 1 1 1 0 0 1 0 0 0 0 0 0 0 0 1 1 0 1 0 0 0 0 0 0 0 0 0 0 0 0 0 0 1 0 0 1 0 0 0 0 0 1 0 0 0 0 0 0 0 0 0 0 1 0 0 0 1 0 0 0 0 0 0 0 0 0 0 0 0 1 0 0 0 1 0 0 0 0 0 0 0 0 0 8436.000000
1 0 0 0 0 1 1 1 1 0 1 0 1 1 1 1 0 1 0 1 1 1 1 1 1 1 1 1 1 0 1 0 0 0 1 1 0 0 1 1 1 1 0 1 0 0 1 0 1 1 0 0 1 0 1 1 1 1 1 1 1 0 1 1 1 1 1 1 1 1 0 1 1 1 0 1 0 1 0 1 0 0 0 0 0 1 0 1 0 1 1 1 0 0 1 1 0 1 0 1 1 1 1 0 1 0 1 1 1 1 1 1 1 0 1 0 0 0 1 1 1 0 1 1 0 1 1 1 10000.000000
1 0 0 1 1 1 0 0 0 0 0 1 1 0 0 0 0 0 1 1 0 0 0 0 0 0 0 0 1 0 1 0 0 0 1 0 0 0 0 1 0 1 0 1 1 0 1 0 1 0 0 0 1 0 0 0 0 0 0 0 0 0 0 0 0 0 0 0 0 0 0 0 0 0 0 0 1 0 0 0 0 0 0 0 1 0 0 0 0 0 0 0 1 0 0 0 1 0 0 0 0 0 0 0 0 0 0 1 0 0 0 0 0 0 0 0 1 0 0 0 0 0 0 0 0 0 0 0 8785.000000
1 0 1 1 1 1 0 0 0 1 1 0 1 1 1 0 0 0 0 0 0 0 0 0 0 0 0 0 0 0 0 0 0 0 0 0 1 0 1 0 0 0 0 1 0 0 0 1 0 0 0 0 0 1 0 0 0 0 0 0 1 0 1 0 0 0 1 0 1 0 0 0 0 0 1 0 0 0 1 1 0 1 0 0 0 0 0 0 0 0 0 0 0 0 0 0 0 0 0 0 0 1 0 0 0 0 0 0 0 1 0 0 0 0 1 1 0 0 0 0 0 0 1 0 0 0 0 0 9466.000000
1 0 1 0 0 0 0 1 1 1 0 0 1 1 0 0 0 1 0 1 0 1 0 1 0 1 0 0 1 0 0 0 0 0 1 0 0 1 1 0 0 1 1 0 1 1 1 1 0 1 0 1 1 0 0 1 1 0 0 1 1 0 1 1 1 1 1 1 0 1 0 1 1 1 1 1 0 0 1 1 1 1 1 0 0 0 1 0 1 1 1 0 0 0 1 1 1 1 1 1 1 0 1 1 1 0 0 0 1 0 0 1 1 0 0 1 1 1 1 1 1 1 0 1 1 1 1 1 9779.000000
1 1 1 1 1 1 1 0 1 1 1 0 0 1 1 0 1 0 1 1 1 1 1 1 0 1 1 0 0 1 1 0 1 1 0 1 1 1 0 0 1 1 1 1 1 1 1 1 0 1 0 1 1 1 0 0 1 1 0 1 1 0 0 1 1 1 0 1 1 1 1 1 1 1 0 1 1 1 1 1 1 0 1 0 1 1 1 1 1 1 0 1 1 1 1 1 1 1 1 1 0 1 0 1 1 1 1 1 1 0 1 0 0 1 1 1 1 1 1 1 1 0 1 0 1 1 1 1 10000.000000
1 1 1 1 1 1 0 1 1 0 1 0 1 0 0 0 1 0 0 0 1 0 0 1 1 0 0 0 0 0 1 0 0 0 0 0 0 0 0 1 1 1 0 1 0 0 0 1 0 0 0 0 1 1 1 1 1 1 1 1 0 1 0 1 1 1 1 1 1 0 0 1 1 1 1 1 1 0 1 1 1 1 1 1 1 0 1 1 1 1 0 1 1 0 1 1 1 0 1 1 1 1 1 1 0 1 1 0 1 0 1 1 1 0 1 1 0 0 1 1 1 0 1 1 1 1 1 1 10000.000000
1 1 1 1 0 0 1 1 0 1 0 1 1 1 0 1 1 1 1 1 0 1 1 1 0 1 0 1 0 1 0 0 1 0 1 1 1 1 1 0 0 1 0 1 1 1 1 0 1 1 0 0 1 0 0 0 1 0 1 0 1 1 1 1 0 1 0 0 0 1 1 1 1 1 1 0 0 1 1 1 0 1 1 1 0 0 1 0 1 0 0 0 0 1 1 1 1 1 1 1 1 1 0 1 1 1 1 0 1 1 1 1 1 1 1 0 1 1 1 1 1 0 1 1 0 1 1 1 10000.000000
1 1 1 0 1 1 1 1 1 1 1 1 1 1 1 0 1 0 0 1 0 1 1 1 1 1 1 0 1 1 1 0 1 0 1 1 1 0 0 0 0 1 1 0 1 1 0 0 1 0 1 0 0 0 0 0 0 0 0 1 1 0 1 0 1 0 1 0 0 0 0 0 1 0 0 1 0 1 0 0 0 0 0 0 1 0 0 1 0 1 0 0 1 0 1 0 1 0 0 0 0 0 1 0 0 0 0 0 0 0 0 0 0 0 0 0 0 0 0 0 1 0 0 0 1 0 1 0 9836.000000
1 1 1 0 1 1 1 1 1 1 1 1 0 0 1 1 1 1 0 0 0 0 1 0 0 0 0 0 0 0 1 0 0 1 0 0 0 0 0 0 0 1 0 0 0 0 1 1 1 0 1 0 1 0 1 1 0 1 0 1 0 0 0 1 1 1 1 0 1 1 1 0 1 0 1 1 0 1 0 1 1 0 1 1 1 1 1 1 1 0 1 0 0 0 1 1 0 1 1 1 1 0 1 1 0 0 1 1 0 0 1 1 1 1 1 1 1 1 1 1 1 1 1 1 1 1 1 1 10000.000000
1 1 1 0 1 1 1 0 0 0 0 0 1 1 1 0 0 0 0 0 1 1 0 0 0 0 1 1 1 1 1 0 0 0 0 0 1 0 1 0 1 1 0 0 1 0 0 0 0 0 0 0 1 0 1 0 0 0 1 1 1 0 0 0 0 0 0 0 1 1 0 0 0 0 0 0 0 0 1 0 0 0 0 0 0 0 0 1 0 0 0 0 1 0 0 0 0 0 0 0 0 0 0 0 0 0 0 1 0 0 0 0 0 0 1 0 1 0 0 0 0 1 0 0 0 1 0 0 8297.000000
1 1 1 1 1 0 0 1 1 1 0 1 1 1 1 1 1 1 1 1 1 1 0 1 1 1 1 1 1 1 1 0 1 1 1 0 0 1 1 1 1 1 1 0 1 1 1 1 1 0 1 1 0 0 1 1 1 1 1 1 0 1 0 1 0 1 0 1 1 1 0 0 1 1 1 1 1 1 1 1 1 0 1 1 1 1 1 1 1 1 1 1 1 1 0 1 1 1 0 0 0 1 1 1 1 1 0 1 0 0 0 1 0 1 1 1 1 0 0 1 1 0 0 1 1 1 1 1 10000.000000
1 0 1 0 0 0 1 0 0 0 0 0 0 0 0 0 0 0 0 0 0 0 1 0 0 0 1 0 1 1 0 0 1 1 1 0 1 0 1 1 1 1 1 1 0 1 1 1 1 0 1 1 1 1 1 0 0 1 1 0 1 1 1 0 1 1 1 0 0 0 1 0 0 0 0 0 0 0 0 0 0 0 0 0 0 0 1 0 0 0 0 1 0 0 0 0 0 0 0 0 0 0 0 0 0 0 0 0 0 0 0 0 0 0 0 0 0 0 0 0 1 0 0 0 0 0 0 0 7734.000000
1 0 1 1 1 0 1 1 1 0 1 1 0 1 1 0 0 0 0 1 0 0 0 0 1 1 0 0 0 0 0 0 0 0 0 0 1 1 0 0 0 0 0 0 0 1 0 0 0 1 0 0 0 1 0 0 0 0 0 0 0 0 0 0 0 0 0 0 0 0 0 0 1 0 0 0 0 0 0 0 0 0 0 0 1 1 0 0 1 0 0 0 0 1 0 0 0 0 0 0 0 0 0 0 0 0 0 0 0 1 0 0 0 0 0 0 0 0 0 0 0 1 0 0 0 0 0 0 9243.000000
1 0 0 0 0 0 1 1 0 0 0 0 0 0 0 0 0 1 1 0 0 0 1 0 1 0 0 0 0 0 0 0 1 1 0 0 0 0 0 1 1 0 0 0 0 1 1 0 1 1 0 0 0 1 0 1 0 0 0 0 0 0 0 0 0 0 0 0 0 1 1 0 0 0 0 1 0 0 0 0 0 0 1 1 1 0 0 0 0 1 0 0 0 0 0 0 0 0 0 1 1 0 0 0 0 0 1 0 0 0 0 0 0 0 1 0 0 0 0 0 0 0 0 1 0 0 0 0 9429.000000
1 1 1 0 1 1 1 1 1 1 0 1 1 1 1 1 1 1 1 1 1 1 1 1 1 1 1 0 0 1 1 0 0 0 1 1 0 1 1 1 1 0 1 1 1 1 0 1 0 1 0 1 0 1 1 1 1 1 0 1 1 0 1 1 1 0 1 1 1 1 1 1 1 1 1 1 1 1 1 1 1 0 1 1 1 1 0 0 1 1 1 0 0 0 0 1 1 1 0 0 1 1 1 1 0 0 1 1 0 1 1 1 1 1 0 0 0 0 1 1 1 1 0 1 1 1 1 1 10000.000000
1 1 0 0 0 0 0 0 1 1 1 0 1 1 1 0 1 1 0 1 1 1 1 0 1 0 1 0 1 0 1 0 0 0 0 0 1 0 0 0 0 0 0 0 0 0 0 0 0 0 0 0 0 0 0 0 1 0 0 0 0 0 1 0 0 1 0 0 1 0 0 0 0 0 1 1 0 1 0 0 1 0 0 0 0 0 1 0 0 0 1 1 0 1 0 0 0 0 0 0 0 0 0 0 0 0 0 0 0 0 0 0 0 0 0 0 1 0 1 0 0 0 1 1 0 0 0 0 8044.000000
1 1 1 0 1 0 1 1 1 0 1 0 1 1 1 1 1 1 1 1 0 1 0 1 0 0 1 0 1 1 0 0 1 0 1 1 0 1 1 1 0 1 1 1 0 1 0 1 0 1 0 1 1 0 0 1 0 0 1 1 0 1 0 1 1 0 1 1 0 0 0 0 1 1 0 1 1 1 0 1 0 1 1 0 1 0 1 1 1 1 0 1 0 0 0 1 1 0 0 1 1 1 0 0 1 1 1 1 1 1 1 1 0 1 1 1 0 0 1 1 1 0 0 1 1 1 1 1 10000.000000
1 1 1 0 1 1 1 1 1 0 1 1 0 1 0 0 0 0 1 1 1 1 1 1 1 1 1 0 1 0 0 0 0 0 0 0 0 1 0 0 0 0 0 0 0 0 0 0 0 0 0 0 0 0 0 0 0 0 0 0 0 1 1 0 0 0 0 0 0 0 1 0 0 0 1 0 0 0 1 0 0 0 0 0 0 0 0 0 0 0 0 1 0 0 0 1 0 0 0 0 1 0 0 0 0 0 0 0 0 0 0 0 0 0 0 0 0 0 0 0 0 0 1 0 0 0 0 0 9984.000000
1 0 1 1 1 0 1 1 1 1 0 0 0 1 0 0 0 0 0 0 0 0 0 0 0 0 0 1 0 1 0 0 0 0 0 0 0 0 0 0 1 0 1 0 0 0 1 1 1 0 0 1 0 0 0 0 0 0 0 1 0 1 0 1 0 0 0 0 0 1 0 0 0 0 1 1 0 0 1 1 0 1 1 0 0 0 0 0 1 1 0 0 1 1 1 1 1 1 1 0 0 1 0 1 1 1 0 0 0 1 1 1 1 1 1 0 1 0 0 1 1 1 1 1 1 1 1 1 10000.000000
1 0 1 1 0 0 1 1 0 0 1 0 0 0 1 0 1 0 1 0 0 0 0 0 0 1 1 0 0 0 0 0 0 0 1 0 0 0 0 0 0 1 0 1 0 1 0 0 0 1 1 1 1 1 1 0 1 0 1 0 1 0 0 0 0 0 1 0 0 0 0 0 0 0 1 0 0 0 0 0 0 0 0 1 0 0 0 0 0 1 1 1 0 0 0 0 1 0 0 0 0 0 0 0 1 0 0 0 0 0 0 0 0 0 0 0 0 0 1 0 0 0 0 0 0 0 0 0 8570.000000
1 1 1 1 0 0 1 0 1 1 0 0 0 0 1 0 0 0 1 0 0 0 1 0 0 0 0 0 0 0 1 0 0 0 0 0 0 0 0 0 1 1 0 0 0 1 1 1 0 1 1 0 0 1 0 0 0 0 1 0 0 0 1 0 0 0 0 0 0 0 0 0 0 0 0 0 0 1 0 0 0 0 0 0 1 0 1 0 0 1 0 1 0 0 0 0 1 0 0 0 1 0 0 0 0 0 0 0 0 0 0 0 0 0 0 0 0 0 0 0 1 0 0 0 0 0 0 0 9473.000000
1 0 0 0 1 1 1 1 1 1 1 0 1 0 1 1 1 1 1 1 0 1 0 1 0 0 0 0 1 1 1 0 0 0 0 1 1 1 1 0 1 1 0 1 0 1 1 0 0 0 1 0 0 1 1 1 1 1 1 1 1 1 0 1 1 1 1 1 0 1 0 1 1 1 1 1 0 1 1 0 1 1 1 1 1 1 0 0 1 0 0 1 1 1 1 1 1 1 0 0 1 1 0 1 1 1 1 1 1 1 1 1 1 1 1 1 0 1 1 1 1 0 0 1 1 1 1 1 10000.000000
1 0 1 1 1 0 0 0 1 1 1 0 1 0 1 0 0 0 1 0 0 0 0 0 0 0 0 1 0 1 1 0 0 0 0 0 0 0 0 0 0 0 0 0 1 0 0 0 1 0 0 0 1 0 0 0 0 0 1 0 0 0 0 0 0 0 0 0 0 1 0 0 1 0 0 0 0 0 0 0 0 0 0 1 0 0 0 0 0 0 1 0 0 0 0 0 0 0 1 0 0 0 1 0 0 0 0 0 0 0 0 0 0 0 0 0 0 0 0 0 0 0 1 0 0 0 0 0 9885.000000
1 0 1 0 1 1 1 1 1 1 0 1 1 1 1 0 1 1 0 0 1 1 1 1 1 1 1 0 0 0 1 0 1 0 1 0 0 0 0 0 0 1 1 0 1 0 0 0 0 0 1 1 0 1 0 0 0 1 0 0 1 1 0 0 0 1 1 0 0 0 0 0 0 0 0 0 0 0 0 1 0 0 0 0 0 0 0 1 0 0 0 1 0 0 0 0 0 0 1 1 0 0 0 0 1 0 0 0 0 0 0 0 0 0 0 0 0 1 0 0 0 0 0 0 0 0 0 0 9949.000000
1 0 1 0 0 0 1 0 0 0 0 0 1 0 0 0 0 0 0 0 0 0 1 0 0 0 1 0 0 1 1 0 0 1 0 0 1 1 1 0 0 0 0 0 0 0 0 1 0 0 0 0 0 0 0 0 0 0 0 0 0 0 1 0 0 0 0 1 1 1 1 0 0 0 1 0 0 1 0 1 0 0 0 0 1 1 1 0 0 0 0 0 0 0 0 0 0 0 0 0 0 0 0 0 0 0 0 0 0 1 0 0 1 0 0 0 0 0 0 0 0 0 0 0 0 0 0 0 8345.000000
1 1 1 1 0 0 1 0 1 0 0 1 1 0 0 0 0 0 0 1 0 0 1 0 1 1 0 1 1 0 0 0 1 1 0 1 0 1 0 0 1 1 1 0 0 1 1 0 0 0 1 0 1 0 1 0 1 0 0 0 1 1 1 0 0 0 0 0 0 0 1 1 1 0 0 0 0 0 1 0 0 0 0 0 0 0 1 0 0 1 0 0 0 0 0 0 1 0 1 0 0 1 0 1 0 0 0 0 0 0 0 0 0 0 0 1 0 0 0 0 0 0 0 0 0 0 0 0 8052.000000
1 0 0 0 0 1 0 1 1 1 1 0 0 1 1 0 0 0 0 0 0 0 1 0 1 0 0 1 0 0 0 0 1 0 0 0 0 1 0 0 0 1 0 1 0 0 0 0 0 0 1 0 0 1 0 0 0 0 0 0 1 0 0 0 1 0 0 1 0 0 1 1 1 0 1 1 1 1 1 0 0 1 0 0 0 0 0 0 0 0 0 0 1 0 0 0 0 1 0 0 1 0 1 0 0 0 0 0 0 0 0 0 0 0 0 1 0 0 0 0 0 0 0 0 0 0 0 0 8270.000000
1 0 0 0 0 1 0 0 0 1 1 1 1 0 0 1 0 1 1 1 1 1 1 0 1 1 1 1 0 0 1 0 0 1 0 1 0 0 0 1 1 1 0 1 1 1 1 0 0 0 0 1 0 0 0 1 1 1 0 1 1 1 1 1 1 1 1 1 1 0 0 1 0 1 1 1 0 1 0 1 0 1 1 1 0 1 1 1 1 1 0 1 1 0 0 1 0 1 0 1 1 1 1 1 0 1 0 1 1 0 1 1 1 1 1 0 1 1 0 1 1 1 0 1 0 1 1 1 10000.000000
1 0 1 1 1 1 1 0 1 1 0 0 0 1 0 1 1 1 1 1 1 1 0 0 1 0 1 0 0 0 1 0 1 0 1 0 0 0 0 0 1 1 1 1 0 1 0 0 1 0 1 0 0 0 0 1 1 1 1 1 1 1 1 0 1 1 1 1 0 0 0 1 0 0 0 0 0 0 0 0 0 0 0 0 1 0 0 0 1 0 0 0 0 0 0 0 0 0 1 0 0 0 1 0 0 0 0 0 0 0 0 0 0 0 0 0 0 1 0 0 0 0 1 0 0 0 0 0 9713.000000
1 0 1 1 1 1 1 0 1 1 1 1 0 1 1 1 1 1 1 1 1 1 1 1 0 1 1 1 0 1 1 0 1 1 0 1 1 1 1 1 1 1 1 0 1 0 0 1 1 1 1 1 1 1 1 0 0 0 0 1 0 1 1 0 1 0 1 0 0 1 1 0 1 1 1 1 0 0 1 0 0 0 0 0 0 0 1 0 0 0 0 0 0 0 0 0 0 0 0 0 0 0 0 1 0 0 0 0 0 0 0 0 0 0 0 0 0 0 0 0 1 0 0 0 1 0 0 0 9827.000000
1 0 1 0 0 1 1 0 1 0 0 1 0 0 0 1 1 1 1 0 1 1 1 1 1 1 0 1 1 0 1 0 1 1 1 1 1 1 1 1 0 1 1 1 1 1 1 1 1 1 1 1 1 1 0 0 0 0 0 1 1 1 1 1 0 0 0 1 0 0 1 1 1 1 0 0 0 1 0 1 1 1 1 1 1 0 0 1 1 1 1 1 0 1 0 1 1 0 1 0 1 0 1 1 0 0 0 1 1 1 1 0 1 1 0 1 0 1 1 1 1 0 1 0 1 1 1 1 10000.000000
1 0 1 0 1 1 1 1 1 0 0 1 0 0 1 1 1 1 1 1 1 1 1 1 1 1 0 1 1 0 0 0 1 1 1 1 1 1 0 1 1 1 1 0 0 1 1 0 1 0 0 0 0 1 1 1 1 1 1 1 1 1 1 0 1 0 0 0 0 1 1 0 1 0 0 0 0 0 1 1 0 0 0 0 0 0 0 0 0 0 0 0 0 0 0 0 0 0 0 0 0 0 0 0 0 0 1 0 0 0 1 0 1 0 0 0 0 0 0 0 0 0 0 0 0 0 0 0 9920.000000
1 1 1 0 1 0 0 1 1 0 1 1 1 1 1 1 1 1 0 0 0 0 1 0 1 0 1 1 1 1 1 0 1 0 1 0 1 1 1 1 1 1 1 0 0 0 1 1 0 0 0 0 0 0 0 0 1 0 0 1 1 0 0 0 0 0 0 0 0 0 0 0 0 0 0 0 0 0 0 0 0 0 1 0 1 0 0 0 0 0 0 0 0 0 1 0 0 0 1 0 0 0 0 0 1 0 0 0 0 0 0 0 0 0 0 0 0 0 0 0 0 0 0 0 0 0 0 0 8846.000000
1 0 1 0 1 0 1 0 0 0 0 1 1 0 1 0 1 1 0 1 1 1 0 1 1 0 1 1 0 0 0 0 1 1 1 1 1 1 0 1 1 1 1 1 1 1 1 0 0 0 0 0 0 0 0 0 0 0 0 0 0 0 0 0 0 0 0 0 0 0 0 0 0 1 0 0 0 0 0 0 0 0 0 1 0 0 0 0 0 0 0 0 0 1 0 0 0 0 0 0 0 0 1 0 0 0 0 0 1 0 0 0 0 1 0 0 0 0 0 0 0 0 1 0 1 0 0 0 8971.000000
1 0 1 0 0 0 0 1 0 0 0 0 0 0 0 0 1 0 1 0 1 0 0 0 0 1 1 0 0 0 0 0 1 0 1 1 1 0 0 0 1 0 1 0 0 0 0 1 1 0 0 1 1 0 1 1 1 1 1 0 1 1 1 1 1 1 1 0 0 1 0 1 1 0 1 1 0 1 0 1 1 1 1 0 1 1 1 1 0 1 1 1 1 1 0 1 1 1 1 0 1 0 1 0 0 0 1 1 0 1 1 1 1 1 1 1 1 1 0 1 1 1 1 1 0 1 1 1 10000.000000
1 1 0 1 0 1 1 1 1 1 1 0 1 1 1 1 0 1 1 1 1 0 1 0 0 1 1 1 1 0 1 0 1 0 1 1 1 0 1 1 0 1 0 1 0 1 1 1 1 0 0 1 0 1 1 1 1 1 1 0 1 0 1 1 0 1 1 1 0 1 1 0 0 1 1 1 0 1 0 1 1 1 1 0 0 0 1 1 0 0 1 1 1 1 1 1 0 1 1 1 1 1 1 1 1 0 0 1 1 1 0 1 1 1 1 1 1 0 0 1 1 1 1 1 1 1 1 1 10000.000000
1 1 1 1 1 0 0 0 1 1 1 1 1 1 1 1 1 0 0 0 1 0 1 1 0 0 1 0 1 1 1 0 0 0 0 0 1 0 0 0 0 0 0 0 1 0 0 1 0 0 0 0 0 0 0 0 0 0 0 0 0 0 0 0 0 0 0 0 1 1 0 1 0 1 0 0 0 0 1 0 0 0 0 1 0 0 0 0 0 0 1 0 0 1 1 0 0 0 0 0 0 0 0 0 0 0 0 0 0 0 0 0 0 0 0 0 0 0 0 0 0 0 0 0 0 1 0 0 9830.000000
1 0 0 1 1 1 1 0 0 0 0 1 0 0 1 0 0 1 0 0 1 1 1 0 0 1 0 1 0 0 1 0 0 0 0 1 1 1 1 0 0 0 1 0 0 0 0 0 0 0 0 0 1 0 1 0 0 0 0 0 0 0 0 0 0 0 0 0 1 0 1 0 0 0 0 0 0 0 0 0 0 0 0 0 0 0 0 1 0 0 0 0 0 1 0 0 0 0 0 0 0 0 1 0 0 0 1 0 0 0 0 0 0 0 0 0 0 0 0 0 0 0 0 0 0 0 0 0 9095.000000
1 1 1 1 0 0 0 0 1 0 1 1 0 1 1 1 1 1 0 1 1 1 1 1 1 1 1 1 1 1 0 0 1 1 0 1 0 1 1 1 0 1 1 1 1 1 1 1 1 1 1 0 1 1 0 1 1 0 1 0 1 0 1 1 0 1 1 1 1 0 1 0 1 0 1 0 1 1 1 1 1 1 0 1 0 1 1 1 1 0 1 1 1 1 1 1 0 1 1 1 1 1 1 0 0 0 1 1 1 1 1 1 1 1 1 1 1 1 0 1 0 1 1 1 1 1 1 1 10000.000000
1 1 1 0 1 0 1 0 0 0 1 1 1 0 1 0 0 0 0 0 0 0 0 0 0 0 1 0 0 0 0 0 0 0 0 0 1 1 1 0 1 1 0 1 1 0 1 1 0 0 0 0 0 0 1 1 0 0 0 0 1 1 1 0 0 0 0 0 1 0 0 0 0 0 0 1 1 0 0 0 0 0 0 0 1 0 0 0 1 0 0 0 0 0 0 0 0 0 0 1 1 0 0 1 0 0 0 0 0 1 1 0 0 0 0 0 0 0 0 0 0 1 0 0 0 0 0 0 6707.000000
1 1 1 1 1 0 0 0 1 1 1 1 1 1 1 0 1 1 1 0 0 1 1 1 1 1 1 1 1 0 0 0 1 1 1 0 1 0 0 0 1 0 0 0 1 0 1 0 1 0 0 0 0 1 0 0 0 0 0 0 1 0 1 0 0 0 0 0 0 0 0 0 0 1 1 0 0 0 1 1 1 1 1 0 0 0 0 0 0 0 0 0 0 0 0 0 0 0 0 0 0 0 0 0 0 0 1 1 1 0 1 0 0 0 0 0 0 1 1 0 0 0 0 0 0 0 0 0 6913.000000
1 0 0 0 0 0 0 0 0 0 1 0 0 1 0 1 1 1 1 0 0 1 1 1 1 0 1 0 1 0 0 0 0 0 0 0 0 0 0 0 0 0 0 1 0 0 0 0 0 1 1 0 0 1 1 0 0 0 0 1 1 0 0 0 0 0 0 0 0 0 0 0 0 0 1 0 0 0 0 0 1 0 0 1 0 0 0 0 0 0 1 0 1 0 0 0 1 0 0 0 0 1 1 0 0 0 0 0 1 0 1 0 0 1 0 0 0 0 0 0 0 0 0 0 0 0 0 0 7991.000000
1 0 0 1 0 0 0 0 0 0 1 1 0 1 1 1 1 1 1 0 0 1 0 0 0 0 1 0 1 0 1 0 0 1 0 0 0 0 0 0 0 1 0 0 0 0 0 0 1 0 0 0 1 0 0 0 1 0 0 1 1 0 0 0 0 0 0 0 0 0 0 1 1 0 0 1 0 0 0 0 0 0 0 1 0 0 0 0 0 0 0 0 0 0 0 0 0 0 0 0 0 0 0 1 0 0 1 0 0 1 0 0 0 0 0 0 0 0 0 0 0 1 1 0 0 0 0 0 9408.000000
1 0 0 1 1 0 0 0 0 0 0 0 0 0 0 0 1 0 0 1 0 1 0 0 1 0 0 0 0 0 0 0 1 0 0 0 0 0 0 0 1 0 0 0 0 0 0 1 1 0 0 0 0 0 0 0 1 0 0 0 0 1 0 0 0 0 0 0 0 0 0 0 0 0 0 0 0 0 0 0 0 0 0 0 1 0 1 0 0 0 0 0 0 0 0 0 0 0 0 0 0 0 0 0 1 0 1 0 0 0 0 0 0 0 0 1 0 0 0 0 0 0 1 0 0 0 0 0 8173.000000
1 0 1 0 0 1 0 0 0 0 0 1 0 0 1 1 1 0 1 0 0 1 0 0 1 0 1 1 1 0 1 0 0 1 1 0 0 1 0 0 1 0 1 0 0 0 1 1 1 0 1 1 0 0 0 0 0 0 0 0 0 1 0 0 0 0 0 0 0 0 0 1 0 0 0 0 0 0 0 0 0 0 0 0 0 1 0 0 1 0 0 0 0 1 0 0 1 0 0 0 0 0 0 1 0 0 0 0 0 1 0 0 0 0 0 0 0 0 0 0 1 0 0 0 1 0 0 0 8776.000000
1 1 1 1 0 1 1 1 1 1 1 1 1 0 0 1 1 1 0 0 1 1 1 1 0 1 1 1 1 1 0 0 1 1 1 1 1 1 0 1 1 1 0 1 1 1 1 1 1 1 1 1 1 0 1 1 0 1 1 1 1 1 0 1 1 0 1 0 0 1 1 1 1 0 0 1 1 1 1 1 1 1 1 0 1 1 1 0 1 0 0 1 1 0 0 1 1 0 1 1 1 1 0 0 1 1 1 0 1 0 1 1 1 1 0 1 0 0 1 1 1 1 1 1 1 1 1 1 10000.000000
1 1 1 0 0 1 1 0 1 0 1 1 0 1 1 1 1 1 1 1 1 1 1 1 1 0 1 1 0 1 1 0 1 1 1 0 1 1 1 1 0 0 1 1 1 1 1 1 1 1 1 1 1 1 0 0 1 1 1 0 1 0 1 1 0 0 1 1 1 1 0 0 1 1 1 0 1 1 1 1 1 0 1 0 1 1 1 0 1 1 0 1 0 1 1 1 1 0 1 1 1 1 1 0 1 1 1 1 1 1 1 1 1 0 1 0 1 1 1 1 0 1 0 1 1 1 1 1 10000.000000
1 1 0 1 1 0 0 0 1 1 1 0 1 1 1 1 1 1 1 0 1 1 1 1 1 1 1 1 0 1 1 0 0 0 0 0 0 1 0 0 1 0 1 0 1 1 0 0 0 0 1 0 0 0 0 0 1 0 0 0 1 0 1 0 0 0 1 0 0 0 0 0 0 0 1 0 0 0 0 0 1 0 0 0 0 0 1 0 0 0 1 0 0 0 0 1 0 0 0 0 0 0 0 0 1 1 0 0 0 0 0 0 0 0 1 0 1 0 0 0 0 0 0 0 0 0 0 0 8620.000000
1 1 0 0 0 1 0 1 0 0 1 1 1 0 1 1 1 1 0 1 1 1 1 1 1 1 1 0 0 1 0 0 1 1 0 1 1 1 1 1 1 0 0 1 1 1 1 1 1 1 0 1 1 1 1 1 1 1 1 0 1 1 1 1 0 1 1 0 0 1 1 1 0 1 0 1 1 0 0 1 0 1 0 1 1 1 0 1 1 0 1 1 1 1 1 1 1 0 1 0 0 0 0 1 0 0 0 1 1 1 0 0 1 1 0 1 1 1 0 1 1 1 1 0 0 1 1 1 10000.000000
1 1 1 0 1 0 0 1 1 1 0 0 1 1 0 0 1 0 0 1 1 0 1 0 0 1 0 1 1 1 0 0 1 1 1 1 1 1 1 1 1 1 1 1 1 1 1 0 1 0 0 0 1 0 1 0 0 1 1 1 1 1 1 0 1 0 0 0 0 0 0 1 0 1 0 0 0 0 0 1 1 0 0 0 0 0 0 0 0 0 0 0 0 1 1 0 0 1 1 0 1 0 0 0 0 1 1 1 0 0 0 0 0 0 0 0 0 0 0 0 1 0 0 0 0 0 0 0 8021.000000
1 0 1 1 0 1 0 0 1 1 1 0 1 1 0 1 0 1 0 1 0 0 1 0 1 0 1 1 1 1 1 0 0 1 0 1 0 1 0 0 0 0 0 1 0 1 0 1 1 1 1 0 1 1 1 1 1 1 1 1 1 1 1 1 1 1 1 1 1 1 1 0 1 1 1 0 0 0 1 1 1 1 0 1 1 1 1 1 1 0 1 1 1 1 0 1 1 1 0 1 1 0 1 1 1 1 1 1 1 0 1 1 1 1 0 1 0 1 0 1 1 1 0 1 0 1 1 1 10000.000000
1 0 1 1 0 0 1 0 1 1 1 1 1 1 1 0 0 0 1 1 1 0 0 1 0 0 0 1 0 1 1 0 0 0 0 0 0 1 0 0 0 0 0 1 0 1 1 0 0 1 0 0 0 1 0 0 0 0 1 0 0 1 1 0 0 0 0 0 0 0 1 0 1 1 0 1 1 1 0 0 0 0 0 0 0 0 0 0 0 0 0 0 0 0 0 0 0 0 0 1 0 0 1 0 0 0 0 0 0 0 1 0 0 0 0 0 0 0 0 0 0 0 0 0 0 0 0 0 8518.000000
1 1 1 0 1 1 0 1 1 0 1 0 0 1 0 1 1 0 1 0 1 0 1 1 0 1 1 1 1 1 0 0 1 1 1 1 1 0 1 1 1 0 1 1 1 1 1 0 1 1 0 1 1 1 0 1 0 1 0 1 1 0 0 1 0 0 0 1 0 1 1 1 1 1 1 0 1 1 1 1 1 1 0 1 1 1 0 0 1 1 1 1 1 1 1 1 1 0 1 0 1 1 0 1 0 1 1 1 0 0 1 1 1 1 1 1 1 1 1 1 1 1 1 1 0 1 1 1 10000.000000
1 0 1 0 1 1 1 0 1 1 1 1 1 0 1 1 0 1 0 1 0 1 1 0 0 0 0 0 1 1 1 0 1 0 0 0 1 0 0 1 0 0 1 1 1 1 1 0 0 0 0 0 1 0 0 0 0 0 0 0 0 0 0 0 0 1 0 0 0 1 0 0 0 0 1 0 1 1 0 0 0 0 0 0 0 1 0 0 0 0 0 0 1 0 0 0 0 0 0 0 0 0 0 0 0 1 0 0 0 0 0 0 0 0 0 0 0 0 0 0 0 0 0 0 1 0 0 0 9715.000000
1 1 1 1 1 1 1 0 0 1 0 0 1 0 0 1 1 1 1 1 0 1 1 1 0 1 1 0 1 1 0 0 1 0 0 1 0 1 1 1 1 1 1 1 1 1 1 0 0 0 1 0 0 1 0 0 0 0 1 0 1 1 1 1 0 0 1 1 1 0 1 1 0 0 0 0 0 0 0 1 0 0 0 1 1 0 0 1 0 1 0 0 0 0 1 1 1 1 1 0 1 0 0 1 0 1 1 1 1 1 1 1 0 1 1 1 0 1 0 1 1 1 1 1 0 1 1 1 10000.000000
1 0 0 0 0 0 0 1 0 1 0 0 1 1 0 1 0 0 1 0 0 0 0 0 1 1 0 0 0 0 0 0 0 1 0 1 1 0 1 0 0 0 0 1 1 0 0 0 1 0 0 0 1 1 0 0 0 0 0 1 0 0 0 1 1 1 1 1 1 1 1 1 1 0 1 1 1 0 1 1 0 1 1 1 1 0 0 0 0 1 0 1 1 1 1 1 1 1 1 1 1 1 0 1 1 0 0 0 1 1 1 1 0 1 0 1 1 0 1 1 1 1 1 1 0 1 1 1 9960.000000
1 0 1 0 0 0 0 1 1 0 0 1 1 1 1 0 0 0 1 0 1 1 0 0 0 0 0 0 0 1 1 0 0 0 0 0 0 1 1 0 0 0 0 0 0 0 0 0 0 0 0 1 0 0 1 0 0 0 0 0 0 0 1 0 1 1 0 0 0 0 0 0 1 0 0 0 0 1 1 0 0 0 0 0 0 1 0 1 0 0 0 0 0 1 0 0 0 0 0 0 0 0 0 0 1 0 0 1 0 0 0 0 0 0 0 0 0 0 0 0 0 0 0 0 1 0 0 0 9318.000000
1 1 1 1 0 1 0 1 1 0 1 1 1 0 1 0 1 1 1 1 0 0 1 1 1 0 1 0 0 1 1 0 1 1 0 0 1 1 0 1 1 1 0 0 0 0 0 1 0 0 1 0 0 1 0 0 1 1 0 1 0 0 0 1 1 0 1 1 0 0 0 0 1 0 1 1 0 1 0 1 0 0 0 1 1 0 0 1 1 0 0 1 0 1 1 1 0 1 0 1 1 0 0 0 1 1 0 1 1 1 1 0 1 0 1 1 1 1 0 0 1 1 1 0 1 1 1 1 9940.000000
1 0 1 1 1 0 0 0 1 1 0 0 1 0 0 0 0 1 0 0 1 0 1 1 1 1 1 1 1 1 1 0 0 0 0 0 0 1 0 0 0 0 0 1 0 1 0 0 1 0 0 0 0 0 0 0 0 0 0 0 0 0 0 0 0 0 0 0 0 1 1 0 0 1 0 1 0 1 0 0 0 0 0 0 1 0 0 0 0 0 0 0 0 0 0 0 0 0 0 0 1 0 0 0 0 0 0 0 0 0 0 0 0 0 0 0 1 0 0 0 0 0 1 0 0 0 0 0 9877.000000
1 1 1 0 1 1 1 0 1 1 0 1 0 1 1 1 1 1 1 1 1 1 1 1 1 1 1 0 0 1 0 0 0 1 1 1 0 1 1 0 0 1 0 1 1 0 1 1 1 1 0 1 1 1 0 1 0 0 1 1 0 1 1 1 1 1 1 1 1 0 0 1 1 0 0 1 0 1 1 1 1 1 1 1 1 1 1 1 1 1 0 1 1 0 1 1 1 1 1 1 1 1 1 1 1 0 0 1 0 1 1 1 1 1 0 1 1 1 1 1 0 1 0 1 1 1 1 1 10000.000000
1 1 1 0 1 0 0 1 1 1 1 0 1 0 1 0 0 0 0 1 0 0 0 0 0 1 1 0 0 0 1 0 1 0 0 0 1 1 1 0 1 1 1 0 1 1 0 1 1 1 0 1 1 1 0 1 0 1 1 1 1 1 0 1 1 1 1 1 0 1 1 0 0 1 0 1 1 1 0 1 1 0 0 0 1 1 1 1 0 0 0 0 0 0 1 1 1 0 1 0 1 1 1 1 0 1 1 0 1 0 1 1 0 0 0 1 1 0 1 1 0 1 1 1 1 1 1 1 9980.000000	
1 1 1 0 1 0 1 1 1 1 1 1 1 1 0 0 1 1 1 1 1 1 0 1 1 1 1 1 1 1 1 0 0 0 0 0 0 0 0 0 0 0 1 0 0 0 0 0 0 0 0 1 0 0 0 0 0 0 0 1 0 0 0 0 0 0 0 0 0 0 0 0 1 0 1 0 0 0 0 0 0 0 0 1 0 0 0 1 0 0 0 1 0 0 1 0 0 0 0 0 0 1 1 0 0 0 0 0 0 1 0 0 0 0 0 0 1 0 0 0 0 0 0 0 0 1 0 0 9642.000000
1 1 0 1 0 1 1 0 1 1 1 0 0 1 0 0 1 1 0 0 1 0 1 0 1 1 0 1 1 0 1 0 1 1 1 1 1 1 1 1 0 1 0 0 0 0 0 1 0 0 0 1 1 0 0 0 0 1 1 1 1 0 0 1 1 1 1 1 0 0 1 1 1 0 1 1 0 1 1 1 0 1 1 1 1 1 1 1 1 0 1 0 1 0 0 1 1 0 0 1 1 1 1 0 0 1 0 0 0 1 1 1 1 0 1 0 1 1 0 1 1 1 1 1 1 1 1 1 10000.000000
1 1 1 1 1 1 1 1 1 1 1 0 1 0 1 0 1 1 0 0 0 1 0 1 0 1 0 0 0 0 0 0 1 1 0 0 0 0 0 0 0 1 0 0 0 1 0 0 0 0 1 0 1 0 0 1 0 0 1 1 0 1 1 1 1 0 1 1 1 1 0 0 1 1 1 0 1 1 1 1 0 0 0 1 1 1 1 1 0 1 1 0 1 1 1 1 1 0 1 1 1 1 1 1 0 1 1 1 0 1 1 1 1 0 0 1 0 1 0 1 1 1 0 1 0 1 1 1 10000.000000
1 0 1 1 0 1 1 1 0 0 1 1 1 1 1 1 1 0 1 1 1 0 1 1 0 1 1 1 1 1 0 0 0 1 1 1 0 1 1 0 1 1 1 1 1 1 0 1 0 0 0 0 0 0 1 1 1 0 0 0 0 1 1 1 1 0 1 1 1 0 0 0 0 1 0 1 1 0 1 1 0 1 1 1 0 1 1 1 1 1 1 1 1 1 1 1 1 0 1 1 1 1 1 0 0 0 1 1 0 1 0 1 0 1 1 0 0 1 1 0 0 1 1 0 1 1 1 1 10000.000000
1 1 0 1 1 1 1 0 1 0 1 1 1 1 1 1 1 0 1 1 0 1 0 0 1 1 0 1 1 1 1 0 1 1 1 1 1 1 1 1 1 0 0 0 1 1 0 0 1 1 0 1 0 0 0 0 0 1 0 1 0 1 0 0 0 0 0 0 0 0 0 0 1 0 0 1 1 0 0 0 0 1 0 0 0 0 1 0 0 1 0 0 1 0 1 0 0 0 0 0 0 0 0 0 0 0 0 0 0 0 0 0 0 0 0 0 0 0 0 0 0 0 0 0 0 0 0 0 9932.000000
1 0 1 1 1 0 1 0 1 0 0 0 0 0 0 0 0 1 0 1 1 1 1 0 1 0 0 1 0 0 1 0 1 0 1 1 0 0 0 0 0 0 0 1 1 1 1 1 0 1 1 0 1 1 0 1 1 0 0 1 0 1 1 1 1 1 1 1 1 1 1 1 0 1 0 1 1 1 1 1 0 1 0 0 0 1 1 1 0 1 1 1 1 1 1 1 1 0 0 1 1 1 1 0 1 1 1 0 1 1 0 1 1 1 1 1 0 0 0 1 0 1 0 1 1 1 1 1 10000.000000
1 1 1 0 1 1 0 1 1 0 0 1 1 0 1 0 1 1 1 0 1 0 1 0 1 0 0 1 0 1 1 0 1 0 1 1 1 0 1 0 0 0 0 0 0 0 1 1 0 0 0 0 0 1 0 1 0 0 0 0 0 1 0 0 0 0 0 0 0 0 0 0 0 0 0 0 0 1 1 0 0 0 0 0 0 0 0 0 0 0 0 0 1 0 1 0 0 0 0 0 1 1 0 0 1 0 0 1 0 0 0 0 1 1 0 0 0 0 0 0 0 0 0 0 0 0 0 0 6433.000000
1 0 1 1 1 1 0 0 0 0 0 0 0 1 1 1 1 1 0 0 1 1 0 0 0 0 1 0 1 0 0 0 1 1 1 0 0 0 0 0 1 0 1 0 1 1 0 1 1 0 1 1 1 1 0 0 0 1 0 1 0 1 1 0 1 0 1 1 0 0 0 0 0 1 1 1 1 0 1 1 0 0 1 0 1 0 0 0 0 0 1 0 1 0 0 0 1 0 0 0 1 0 0 0 0 1 0 0 1 0 1 0 0 0 1 0 1 0 0 0 0 0 0 0 0 0 0 0 7120.000000
1 1 1 1 1 1 0 0 1 1 1 0 1 1 0 1 1 0 1 0 1 0 1 0 1 0 1 1 1 0 0 0 1 1 0 0 0 0 1 1 0 1 1 0 1 0 0 0 1 1 0 0 0 0 0 0 1 0 0 0 0 0 0 0 1 1 1 0 1 0 1 0 1 1 0 1 0 0 1 1 0 1 1 0 1 1 1 1 0 1 0 1 1 0 0 0 1 0 1 0 1 0 1 0 0 1 0 0 0 0 0 0 0 0 0 0 0 0 1 0 1 0 0 0 0 0 0 0 5198.000000
1 1 1 1 1 0 0 1 1 1 1 1 0 0 0 1 1 1 0 1 1 0 1 1 1 0 0 1 0 1 0 0 0 1 0 0 0 0 1 1 0 1 0 1 1 1 0 0 1 1 0 1 1 1 1 1 1 1 1 1 0 1 0 1 1 0 1 1 0 0 1 1 0 0 0 0 1 1 1 1 1 1 1 1 1 0 1 0 0 1 0 0 0 1 1 1 1 0 1 1 1 1 1 0 0 1 0 0 1 1 0 1 1 1 0 0 0 0 1 1 1 1 1 1 1 1 1 1 10000.000000
1 0 1 1 1 1 1 1 1 1 0 1 1 0 0 1 1 1 1 1 1 0 1 0 1 0 0 1 1 1 1 0 1 0 0 0 1 1 1 1 0 1 1 1 0 1 0 1 1 1 0 0 0 1 1 1 0 0 1 0 0 1 1 0 1 0 1 1 1 1 1 0 0 0 1 0 0 1 1 0 1 1 1 1 0 0 0 1 0 1 0 0 1 0 0 0 0 0 1 0 0 0 0 1 1 0 0 0 0 0 1 0 0 0 1 0 0 0 0 0 1 0 0 0 0 0 0 0 9678.000000
1 1 0 0 0 0 0 0 1 0 1 0 0 0 0 1 1 1 1 1 1 1 1 0 1 1 1 1 0 0 0 0 0 1 1 1 1 1 1 1 1 1 1 0 0 1 1 1 1 0 1 1 0 1 1 1 1 1 1 1 0 1 1 1 0 1 1 1 1 0 1 1 1 0 1 1 1 1 1 0 1 0 1 1 0 1 1 0 1 1 0 1 0 0 0 1 1 0 1 1 0 0 1 0 1 0 0 1 0 1 1 1 1 0 1 1 0 1 1 1 1 0 1 1 1 1 1 1 10000.000000
1 1 0 0 1 1 0 1 1 1 1 1 1 0 1 0 0 0 0 0 0 0 0 0 1 0 0 1 0 1 1 0 0 0 0 0 0 1 0 0 1 0 1 1 0 1 0 0 0 0 0 0 0 0 0 0 0 0 0 0 0 0 0 0 0 0 0 0 0 0 0 0 1 0 0 1 0 1 0 0 0 0 0 0 0 0 0 1 0 0 0 0 1 1 0 0 0 0 0 0 0 0 1 0 1 1 0 0 0 0 0 0 0 0 0 0 0 0 0 0 0 0 0 0 0 0 0 0 8519.000000
1 0 1 1 1 1 1 1 1 1 1 1 1 1 0 0 0 0 1 0 0 0 1 0 1 0 0 0 1 0 1 0 0 0 0 0 1 0 1 0 0 0 0 0 1 1 0 0 0 0 0 0 0 1 1 0 0 0 0 1 0 0 0 0 0 0 0 0 0 0 0 0 1 0 0 0 1 0 0 0 0 0 0 0 0 0 1 0 0 0 0 0 0 0 0 0 0 0 0 0 0 0 1 0 0 0 1 1 0 0 0 0 0 0 1 0 0 1 1 0 0 0 0 0 0 0 0 0 8932.000000
1 1 1 1 0 0 0 0 1 1 1 1 1 0 0 0 1 1 1 1 1 0 1 1 0 1 1 1 1 1 1 0 0 0 0 0 1 0 1 1 1 0 1 0 0 1 1 1 0 1 0 0 0 0 1 0 0 0 1 1 0 0 1 0 0 0 1 0 0 0 0 0 0 0 1 0 1 0 0 0 0 0 0 0 0 1 1 1 1 0 0 0 0 0 0 0 0 0 0 0 1 0 0 0 0 0 0 0 0 0 0 0 0 0 0 0 0 0 0 0 0 0 1 0 0 0 0 0 8709.000000
1 0 1 0 1 0 0 0 0 1 0 0 1 0 1 1 0 0 0 0 0 0 1 1 1 1 1 1 1 0 1 0 1 1 1 0 1 0 0 1 1 1 0 0 0 0 0 1 1 0 0 0 1 0 0 1 1 1 1 1 0 0 1 1 1 0 0 1 1 0 1 1 0 1 0 1 1 1 0 1 1 1 0 0 1 0 1 1 1 1 1 0 1 0 1 1 0 1 0 1 1 1 1 1 1 0 1 0 0 0 1 1 1 1 0 1 1 0 1 1 1 0 0 1 1 1 1 1 9934.000000
1 0 0 1 1 0 0 1 1 1 1 1 1 1 0 0 0 0 0 1 1 0 0 0 0 0 0 0 1 0 1 0 0 0 0 0 0 0 0 0 1 0 1 0 0 0 0 1 1 0 1 0 1 0 0 0 0 0 0 0 0 0 0 0 0 0 0 0 0 0 0 0 1 1 0 0 0 1 0 1 0 1 0 0 1 1 0 0 0 1 0 0 0 0 1 0 1 0 0 0 1 0 0 0 0 0 0 0 0 0 1 0 0 0 0 0 0 1 0 0 1 0 0 0 0 0 0 0 8452.000000
1 0 1 0 0 0 0 1 1 1 1 1 1 1 0 0 0 0 0 0 0 0 0 0 0 0 0 0 0 0 0 0 0 0 1 0 1 0 0 1 0 0 0 0 0 0 0 0 0 0 0 0 1 0 0 0 0 0 1 0 0 0 0 0 0 0 0 0 0 0 0 0 1 0 0 0 0 0 0 0 0 0 0 0 0 1 0 0 0 1 0 0 0 0 0 0 0 1 0 0 0 0 0 1 0 1 0 0 0 0 0 0 0 1 1 1 0 0 1 0 0 1 0 1 1 0 0 0 9071.000000
1 0 0 0 0 0 0 1 0 0 0 0 1 1 0 0 1 1 1 0 1 1 0 1 0 0 0 0 1 1 1 0 0 0 0 1 0 0 1 0 0 0 0 0 0 0 1 0 1 0 1 0 0 0 1 0 0 0 0 0 0 0 0 0 0 1 0 0 0 0 0 0 0 0 0 0 0 0 0 0 0 0 0 0 0 0 1 0 0 0 0 0 1 0 0 1 0 0 0 0 1 0 0 0 0 0 1 0 0 0 1 0 0 1 0 0 0 0 0 0 0 0 0 0 0 0 0 0 7778.000000
1 1 1 1 1 1 0 0 1 1 1 0 1 1 0 0 0 0 1 0 1 1 0 0 1 0 0 1 0 0 0 0 1 0 1 1 0 1 0 0 0 0 1 0 
1 0 1 1 1 0 0 0 1 1 1 0 1 0 1 0 0 0 1 0 0 0 0 0 0 0 0 1 0 1 1 0 0 0 0 0 0 0 0 0 0 0 0 0 1 0 0 0 1 0 0 0 1 0 0 0 0 0 1 0 0 0 0 0 0 0 0 0 0 1 0 0 1 0 0 0 0 0 0 0 0 0 0 1 0 0 0 0 0 0 1 0 0 0 0 0 0 0 1 0 0 0 1 0 0 0 0 0 0 0 0 0 0 0 0 0 0 0 0 0 0 0 1 0 0 0 0 0 9885.000000
1 0 1 0 1 1 1 1 1 1 0 1 1 1 1 0 1 1 0 0 1 1 1 1 1 1 1 0 0 0 1 0 1 0 1 0 0 0 0 0 0 1 1 0 1 0 0 0 0 0 1 1 0 1 0 0 0 1 0 0 1 1 0 0 0 1 1 0 0 0 0 0 0 0 0 0 0 0 0 1 0 0 0 0 0 0 0 1 0 0 0 1 0 0 0 0 0 0 1 1 0 0 0 0 1 0 0 0 0 0 0 0 0 0 0 0 0 1 0 0 0 0 0 0 0 0 0 0 9949.000000
1 0 1 0 0 0 1 0 0 0 0 0 1 0 0 0 0 0 0 0 0 0 1 0 0 0 1 0 0 1 1 0 0 1 0 0 1 1 1 0 0 0 0 0 0 0 0 1 0 0 0 0 0 0 0 0 0 0 0 0 0 0 1 0 0 0 0 1 1 1 1 0 0 0 1 0 0 1 0 1 0 0 0 0 1 1 1 0 0 0 0 0 0 0 0 0 0 0 0 0 0 0 0 0 0 0 0 0 0 1 0 0 1 0 0 0 0 0 0 0 0 0 0 0 0 0 0 0 8345.000000
1 1 1 1 0 0 1 0 1 0 0 1 1 0 0 0 0 0 0 1 0 0 1 0 1 1 0 1 1 0 0 0 1 1 0 1 0 1 0 0 1 1 1 0 0 1 1 0 0 0 1 0 1 0 1 0 1 0 0 0 1 1 1 0 0 0 0 0 0 0 1 1 1 0 0 0 0 0 1 0 0 0 0 0 0 0 1 0 0 1 0 0 0 0 0 0 1 0 1 0 0 1 0 1 0 0 0 0 0 0 0 0 0 0 0 1 0 0 0 0 0 0 0 0 0 0 0 0 8052.000000
1 0 0 0 0 1 0 1 1 1 1 0 0 1 1 0 0 0 0 0 0 0 1 0 1 0 0 1 0 0 0 0 1 0 0 0 0 1 0 0 0 1 0 1 0 0 0 0 0 0 1 0 0 1 0 0 0 0 0 0 1 0 0 0 1 0 0 1 0 0 1 1 1 0 1 1 1 1 1 0 0 1 0 0 0 0 0 0 0 0 0 0 1 0 0 0 0 1 0 0 1 0 1 0 0 0 0 0 0 0 0 0 0 0 0 1 0 0 0 0 0 0 0 0 0 0 0 0 8270.000000
1 0 0 0 0 1 0 0 0 1 1 1 1 0 0 1 0 1 1 1 1 1 1 0 1 1 1 1 0 0 1 0 0 1 0 1 0 0 0 1 1 1 0 1 1 1 1 0 0 0 0 1 0 0 0 1 1 1 0 1 1 1 1 1 1 1 1 1 1 0 0 1 0 1 1 1 0 1 0 1 0 1 1 1 0 1 1 1 1 1 0 1 1 0 0 1 0 1 0 1 1 1 1 1 0 1 0 1 1 0 1 1 1 1 1 0 1 1 0 1 1 1 0 1 0 1 1 1 10000.000000
1 0 1 1 1 1 1 0 1 1 0 0 0 1 0 1 1 1 1 1 1 1 0 0 1 0 1 0 0 0 1 0 1 0 1 0 0 0 0 0 1 1 1 1 0 1 0 0 1 0 1 0 0 0 0 1 1 1 1 1 1 1 1 0 1 1 1 1 0 0 0 1 0 0 0 0 0 0 0 0 0 0 0 0 1 0 0 0 1 0 0 0 0 0 0 0 0 0 1 0 0 0 1 0 0 0 0 0 0 0 0 0 0 0 0 0 0 1 0 0 0 0 1 0 0 0 0 0 9713.000000
1 0 1 1 1 1 1 0 1 1 1 1 0 1 1 1 1 1 1 1 1 1 1 1 0 1 1 1 0 1 1 0 1 1 0 1 1 1 1 1 1 1 1 0 1 0 0 1 1 1 1 1 1 1 1 0 0 0 0 1 0 1 1 0 1 0 1 0 0 1 1 0 1 1 1 1 0 0 1 0 0 0 0 0 0 0 1 0 0 0 0 0 0 0 0 0 0 0 0 0 0 0 0 1 0 0 0 0 0 0 0 0 0 0 0 0 0 0 0 0 1 0 0 0 1 0 0 0 9827.000000
1 0 1 0 0 1 1 0 1 0 0 1 0 0 0 1 1 1 1 0 1 1 1 1 1 1 0 1 1 0 1 0 1 1 1 1 1 1 1 1 0 1 1 1 1 1 1 1 1 1 1 1 1 1 0 0 0 0 0 1 1 1 1 1 0 0 0 1 0 0 1 1 1 1 0 0 0 1 0 1 1 1 1 1 1 0 0 1 1 1 1 1 0 1 0 1 1 0 1 0 1 0 1 1 0 0 0 1 1 1 1 0 1 1 0 1 0 1 1 1 1 0 1 0 1 1 1 1 10000.000000
1 0 1 0 1 1 1 1 1 0 0 1 0 0 1 1 1 1 1 1 1 1 1 1 1 1 0 1 1 0 0 0 1 1 1 1 1 1 0 1 1 1 1 0 0 1 1 0 1 0 0 0 0 1 1 1 1 1 1 1 1 1 1 0 1 0 0 0 0 1 1 0 1 0 0 0 0 0 1 1 0 0 0 0 0 0 0 0 0 0 0 0 0 0 0 0 0 0 0 0 0 0 0 0 0 0 1 0 0 0 1 0 1 0 0 0 0 0 0 0 0 0 0 0 0 0 0 0 9920.000000
1 1 1 0 1 0 0 1 1 0 1 1 1 1 1 1 1 1 0 0 0 0 1 0 1 0 1 1 1 1 1 0 1 0 1 0 1 1 1 1 1 1 1 0 0 0 1 1 0 0 0 0 0 0 0 0 1 0 0 1 1 0 0 0 0 0 0 0 0 0 0 0 0 0 0 0 0 0 0 0 0 0 1 0 1 0 0 0 0 0 0 0 0 0 1 0 0 0 1 0 0 0 0 0 1 0 0 0 0 0 0 0 0 0 0 0 0 0 0 0 0 0 0 0 0 0 0 0 8846.000000
1 0 1 0 1 0 1 0 0 0 0 1 1 0 1 0 1 1 0 1 1 1 0 1 1 0 1 1 0 0 0 0 1 1 1 1 1 1 0 1 1 1 1 1 1 1 1 0 0 0 0 0 0 0 0 0 0 0 0 0 0 0 0 0 0 0 0 0 0 0 0 0 0 1 0 0 0 0 0 0 0 0 0 1 0 0 0 0 0 0 0 0 0 1 0 0 0 0 0 0 0 0 1 0 0 0 0 0 1 0 0 0 0 1 0 0 0 0 0 0 0 0 1 0 1 0 0 0 8971.000000
1 0 1 0 0 0 0 1 0 0 0 0 0 0 0 0 1 0 1 0 1 0 0 0 0 1 1 0 0 0 0 0 1 0 1 1 1 0 0 0 1 0 1 0 0 0 0 1 1 0 0 1 1 0 1 1 1 1 1 0 1 1 1 1 1 1 1 0 0 1 0 1 1 0 1 1 0 1 0 1 1 1 1 0 1 1 1 1 0 1 1 1 1 1 0 1 1 1 1 0 1 0 1 0 0 0 1 1 0 1 1 1 1 1 1 1 1 1 0 1 1 1 1 1 0 1 1 1 10000.000000
1 1 0 1 0 1 1 1 1 1 1 0 1 1 1 1 0 1 1 1 1 0 1 0 0 1 1 1 1 0 1 0 1 0 1 1 1 0 1 1 0 1 0 1 0 1 1 1 1 0 0 1 0 1 1 1 1 1 1 0 1 0 1 1 0 1 1 1 0 1 1 0 0 1 1 1 0 1 0 1 1 1 1 0 0 0 1 1 0 0 1 1 1 1 1 1 0 1 1 1 1 1 1 1 1 0 0 1 1 1 0 1 1 1 1 1 1 0 0 1 1 1 1 1 1 1 1 1 10000.000000
1 1 1 1 1 0 0 0 1 1 1 1 1 1 1 1 1 0 0 0 1 0 1 1 0 0 1 0 1 1 1 0 0 0 0 0 1 0 0 0 0 0 0 0 1 0 0 1 0 0 0 0 0 0 0 0 0 0 0 0 0 0 0 0 0 0 0 0 1 1 0 1 0 1 0 0 0 0 1 0 0 0 0 1 0 0 0 0 0 0 1 0 0 1 1 0 0 0 0 0 0 0 0 0 0 0 0 0 0 0 0 0 0 0 0 0 0 0 0 0 0 0 0 0 0 1 0 0 9830.000000
1 0 0 1 1 1 1 0 0 0 0 1 0 0 1 0 0 1 0 0 1 1 1 0 0 1 0 1 0 0 1 0 0 0 0 1 1 1 1 0 0 0 1 0 0 0 0 0 0 0 0 0 1 0 1 0 0 0 0 0 0 0 0 0 0 0 0 0 1 0 1 0 0 0 0 0 0 0 0 0 0 0 0 0 0 0 0 1 0 0 0 0 0 1 0 0 0 0 0 0 0 0 1 0 0 0 1 0 0 0 0 0 0 0 0 0 0 0 0 0 0 0 0 0 0 0 0 0 9095.000000
1 1 1 1 0 0 0 0 1 0 1 1 0 1 1 1 1 1 0 1 1 1 1 1 1 1 1 1 1 1 0 0 1 1 0 1 0 1 1 1 0 1 1 1 1 1 1 1 1 1 1 0 1 1 0 1 1 0 1 0 1 0 1 1 0 1 1 1 1 0 1 0 1 0 1 0 1 1 1 1 1 1 0 1 0 1 1 1 1 0 1 1 1 1 1 1 0 1 1 1 1 1 1 0 0 0 1 1 1 1 1 1 1 1 1 1 1 1 0 1 0 1 1 1 1 1 1 1 10000.000000
1 1 1 0 1 0 1 0 0 0 1 1 1 0 1 0 0 0 0 0 0 0 0 0 0 0 1 0 0 0 0 0 0 0 0 0 1 1 1 0 1 1 0 1 1 0 1 1 0 0 0 0 0 0 1 1 0 0 0 0 1 1 1 0 0 0 0 0 1 0 0 0 0 0 0 1 1 0 0 0 0 0 0 0 1 0 0 0 1 0 0 0 0 0 0 0 0 0 0 1 1 0 0 1 0 0 0 0 0 1 1 0 0 0 0 0 0 0 0 0 0 1 0 0 0 0 0 0 6707.000000
1 1 1 1 1 0 0 0 1 1 1 1 1 1 1 0 1 1 1 0 0 1 1 1 1 1 1 1 1 0 0 0 1 1 1 0 1 0 0 0 1 0 0 0 1 0 1 0 1 0 0 0 0 1 0 0 0 0 0 0 1 0 1 0 0 0 0 0 0 0 0 0 0 1 1 0 0 0 1 1 1 1 1 0 0 0 0 0 0 0 0 0 0 0 0 0 0 0 0 0 0 0 0 0 0 0 1 1 1 0 1 0 0 0 0 0 0 1 1 0 0 0 0 0 0 0 0 0 6913.000000
1 0 0 0 0 0 0 0 0 0 1 0 0 1 0 1 1 1 1 0 0 1 1 1 1 0 1 0 1 0 0 0 0 0 0 0 0 0 0 0 0 0 0 1 0 0 0 0 0 1 1 0 0 1 1 0 0 0 0 1 1 0 0 0 0 0 0 0 0 0 0 0 0 0 1 0 0 0 0 0 1 0 0 1 0 0 0 0 0 0 1 0 1 0 0 0 1 0 0 0 0 1 1 0 0 0 0 0 1 0 1 0 0 1 0 0 0 0 0 0 0 0 0 0 0 0 0 0 7991.000000
1 0 0 1 0 0 0 0 0 0 1 1 0 1 1 1 1 1 1 0 0 1 0 0 0 0 1 0 1 0 1 0 0 1 0 0 0 0 0 0 0 1 0 0 0 0 0 0 1 0 0 0 1 0 0 0 1 0 0 1 1 0 0 0 0 0 0 0 0 0 0 1 1 0 0 1 0 0 0 0 0 0 0 1 0 0 0 0 0 0 0 0 0 0 0 0 0 0 0 0 0 0 0 1 0 0 1 0 0 1 0 0 0 0 0 0 0 0 0 0 0 1 1 0 0 0 0 0 9408.000000
1 0 0 1 1 0 0 0 0 0 0 0 0 0 0 0 1 0 0 1 0 1 0 0 1 0 0 0 0 0 0 0 1 0 0 0 0 0 0 0 1 0 0 0 0 0 0 1 1 0 0 0 0 0 0 0 1 0 0 0 0 1 0 0 0 0 0 0 0 0 0 0 0 0 0 0 0 0 0 0 0 0 0 0 1 0 1 0 0 0 0 0 0 0 0 0 0 0 0 0 0 0 0 0 1 0 1 0 0 0 0 0 0 0 0 1 0 0 0 0 0 0 1 0 0 0 0 0 8173.000000
1 0 1 0 0 1 0 0 0 0 0 1 0 0 1 1 1 0 1 0 0 1 0 0 1 0 1 1 1 0 1 0 0 1 1 0 0 1 0 0 1 0 1 0 0 0 1 1 1 0 1 1 0 0 0 0 0 0 0 0 0 1 0 0 0 0 0 0 0 0 0 1 0 0 0 0 0 0 0 0 0 0 0 0 0 1 0 0 1 0 0 0 0 1 0 0 1 0 0 0 0 0 0 1 0 0 0 0 0 1 0 0 0 0 0 0 0 0 0 0 1 0 0 0 1 0 0 0 8776.000000
1 1 1 1 0 1 1 1 1 1 1 1 1 0 0 1 1 1 0 0 1 1 1 1 0 1 1 1 1 1 0 0 1 1 1 1 1 1 0 1 1 1 0 1 1 1 1 1 1 1 1 1 1 0 1 1 0 1 1 1 1 1 0 1 1 0 1 0 0 1 1 1 1 0 0 1 1 1 1 1 1 1 1 0 1 1 1 0 1 0 0 1 1 0 0 1 1 0 1 1 1 1 0 0 1 1 1 0 1 0 1 1 1 1 0 1 0 0 1 1 1 1 1 1 1 1 1 1 10000.000000
1 1 1 0 0 1 1 0 1 0 1 1 0 1 1 1 1 1 1 1 1 1 1 1 1 0 1 1 0 1 1 0 1 1 1 0 1 1 1 1 0 0 1 1 1 1 1 1 1 1 1 1 1 1 0 0 1 1 1 0 1 0 1 1 0 0 1 1 1 1 0 0 1 1 1 0 1 1 1 1 1 0 1 0 1 1 1 0 1 1 0 1 0 1 1 1 1 0 1 1 1 1 1 0 1 1 1 1 1 1 1 1 1 0 1 0 1 1 1 1 0 1 0 1 1 1 1 1 10000.000000
1 1 0 1 1 0 0 0 1 1 1 0 1 1 1 1 1 1 1 0 1 1 1 1 1 1 1 1 0 1 1 0 0 0 0 0 0 1 0 0 1 0 1 0 1 1 0 0 0 0 1 0 0 0 0 0 1 0 0 0 1 0 1 0 0 0 1 0 0 0 0 0 0 0 1 0 0 0 0 0 1 0 0 0 0 0 1 0 0 0 1 0 0 0 0 1 0 0 0 0 0 0 0 0 1 1 0 0 0 0 0 0 0 0 1 0 1 0 0 0 0 0 0 0 0 0 0 0 8620.000000
1 1 0 0 0 1 0 1 0 0 1 1 1 0 1 1 1 1 0 1 1 1 1 1 1 1 1 0 0 1 0 0 1 1 0 1 1 1 1 1 1 0 0 1 1 1 1 1 1 1 0 1 1 1 1 1 1 1 1 0 1 1 1 1 0 1 1 0 0 1 1 1 0 1 0 1 1 0 0 1 0 1 0 1 1 1 0 1 1 0 1 1 1 1 1 1 1 0 1 0 0 0 0 1 0 0 0 1 1 1 0 0 1 1 0 1 1 1 0 1 1 1 1 0 0 1 1 1 10000.000000
1 1 1 0 1 0 0 1 1 1 0 0 1 1 0 0 1 0 0 1 1 0 1 0 0 1 0 1 1 1 0 0 1 1 1 1 1 1 1 1 1 1 1 1 1 1 1 0 1 0 0 0 1 0 1 0 0 1 1 1 1 1 1 0 1 0 0 0 0 0 0 1 0 1 0 0 0 0 0 1 1 0 0 0 0 0 0 0 0 0 0 0 0 1 1 0 0 1 1 0 1 0 0 0 0 1 1 1 0 0 0 0 0 0 0 0 0 0 0 0 1 0 0 0 0 0 0 0 8021.000000
1 0 1 1 0 1 0 0 1 1 1 0 1 1 0 1 0 1 0 1 0 0 1 0 1 0 1 1 1 1 1 0 0 1 0 1 0 1 0 0 0 0 0 1 0 1 0 1 1 1 1 0 1 1 1 1 1 1 1 1 1 1 1 1 1 1 1 1 1 1 1 0 1 1 1 0 0 0 1 1 1 1 0 1 1 1 1 1 1 0 1 1 1 1 0 1 1 1 0 1 1 0 1 1 1 1 1 1 1 0 1 1 1 1 0 1 0 1 0 1 1 1 0 1 0 1 1 1 10000.000000
1 0 1 1 0 0 1 0 1 1 1 1 1 1 1 0 0 0 1 1 1 0 0 1 0 0 0 1 0 1 1 0 0 0 0 0 0 1 0 0 0 0 0 1 0 1 1 0 0 1 0 0 0 1 0 0 0 0 1 0 0 1 1 0 0 0 0 0 0 0 1 0 1 1 0 1 1 1 0 0 0 0 0 0 0 0 0 0 0 0 0 0 0 0 0 0 0 0 0 1 0 0 1 0 0 0 0 0 0 0 1 0 0 0 0 0 0 0 0 0 0 0 0 0 0 0 0 0 8518.000000
1 1 1 0 1 1 0 1 1 0 1 0 0 1 0 1 1 0 1 0 1 0 1 1 0 1 1 1 1 1 0 0 1 1 1 1 1 0 1 1 1 0 1 1 1 1 1 0 1 1 0 1 1 1 0 1 0 1 0 1 1 0 0 1 0 0 0 1 0 1 1 1 1 1 1 0 1 1 1 1 1 1 0 1 1 1 0 0 1 1 1 1 1 1 1 1 1 0 1 0 1 1 0 1 0 1 1 1 0 0 1 1 1 1 1 1 1 1 1 1 1 1 1 1 0 1 1 1 10000.000000
1 0 1 0 1 1 1 0 1 1 1 1 1 0 1 1 0 1 0 1 0 1 1 0 0 0 0 0 1 1 1 0 1 0 0 0 1 0 0 1 0 0 1 1 1 1 1 0 0 0 0 0 1 0 0 0 0 0 0 0 0 0 0 0 0 1 0 0 0 1 0 0 0 0 1 0 1 1 0 0 0 0 0 0 0 1 0 0 0 0 0 0 1 0 0 0 0 0 0 0 0 0 0 0 0 1 0 0 0 0 0 0 0 0 0 0 0 0 0 0 0 0 0 0 1 0 0 0 9715.000000
1 1 1 1 1 1 1 0 0 1 0 0 1 0 0 1 1 1 1 1 0 1 1 1 0 1 1 0 1 1 0 0 1 0 0 1 0 1 1 1 1 1 1 1 1 1 1 0 0 0 1 0 0 1 0 0 0 0 1 0 1 1 1 1 0 0 1 1 1 0 1 1 0 0 0 0 0 0 0 1 0 0 0 1 1 0 0 1 0 1 0 0 0 0 1 1 1 1 1 0 1 0 0 1 0 1 1 1 1 1 1 1 0 1 1 1 0 1 0 1 1 1 1 1 0 1 1 1 10000.000000
1 0 0 0 0 0 0 1 0 1 0 0 1 1 0 1 0 0 1 0 0 0 0 0 1 1 0 0 0 0 0 0 0 1 0 1 1 0 1 0 0 0 0 1 1 0 0 0 1 0 0 0 1 1 0 0 0 0 0 1 0 0 0 1 1 1 1 1 1 1 1 1 1 0 1 1 1 0 1 1 0 1 1 1 1 0 0 0 0 1 0 1 1 1 1 1 1 1 1 1 1 1 0 1 1 0 0 0 1 1 1 1 0 1 0 1 1 0 1 1 1 1 1 1 0 1 1 1 9960.000000
1 0 1 0 0 0 0 1 1 0 0 1 1 1 1 0 0 0 1 0 1 1 0 0 0 0 0 0 0 1 1 0 0 0 0 0 0 1 1 0 0 0 0 0 0 0 0 0 0 0 0 1 0 0 1 0 0 0 0 0 0 0 1 0 1 1 0 0 0 0 0 0 1 0 0 0 0 1 1 0 0 0 0 0 0 1 0 1 0 0 0 0 0 1 0 0 0 0 0 0 0 0 0 0 1 0 0 1 0 0 0 0 0 0 0 0 0 0 0 0 0 0 0 0 1 0 0 0 9318.000000
1 1 1 1 0 1 0 1 1 0 1 1 1 0 1 0 1 1 1 1 0 0 1 1 1 0 1 0 0 1 1 0 1 1 0 0 1 1 0 1 1 1 0 0 0 0 0 1 0 0 1 0 0 1 0 0 1 1 0 1 0 0 0 1 1 0 1 1 0 0 0 0 1 0 1 1 0 1 0 1 0 0 0 1 1 0 0 1 1 0 0 1 0 1 1 1 0 1 0 1 1 0 0 0 1 1 0 1 1 1 1 0 1 0 1 1 1 1 0 0 1 1 1 0 1 1 1 1 9940.000000
1 0 1 1 1 0 0 0 1 1 0 0 1 0 0 0 0 1 0 0 1 0 1 1 1 1 1 1 1 1 1 0 0 0 0 0 0 1 0 0 0 0 0 1 0 1 0 0 1 0 0 0 0 0 0 0 0 0 0 0 0 0 0 0 0 0 0 0 0 1 1 0 0 1 0 1 0 1 0 0 0 0 0 0 1 0 0 0 0 0 0 0 0 0 0 0 0 0 0 0 1 0 0 0 0 0 0 0 0 0 0 0 0 0 0 0 1 0 0 0 0 0 1 0 0 0 0 0 9877.000000
1 1 1 0 1 1 1 0 1 1 0 1 0 1 1 1 1 1 1 1 1 1 1 1 1 1 1 0 0 1 0 0 0 1 1 1 0 1 1 0 0 1 0 1 1 0 1 1 1 1 0 1 1 1 0 1 0 0 1 1 0 1 1 1 1 1 1 1 1 0 0 1 1 0 0 1 0 1 1 1 1 1 1 1 1 1 1 1 1 1 0 1 1 0 1 1 1 1 1 1 1 1 1 1 1 0 0 1 0 1 1 1 1 1 0 1 1 1 1 1 0 1 0 1 1 1 1 1 10000.000000
1 1 1 0 1 0 0 1 1 1 1 0 1 0 1 0 0 0 0 1 0 0 0 0 0 1 1 0 0 0 1 0 1 0 0 0 1 1 1 0 1 1 1 0 1 1 0 1 1 1 0 1 1 1 0 1 0 1 1 1 1 1 0 1 1 1 1 1 0 1 1 0 0 1 0 1 1 1 0 1 1 0 0 0 1 1 1 1 0 0 0 0 0 0 1 1 1 0 1 0 1 1 1 1 0 1 1 0 1 0 1 1 0 0 0 1 1 0 1 1 0 1 1 1 1 1 1 1 9980.000000
1 1 1 0 1 0 1 1 1 1 1 1 1 1 0 0 1 1 1 1 1 1 0 1 1 1 1 1 1 1 1 0 0 0 0 0 0 0 0 0 0 0 1 0 0 0 0 0 0 0 0 1 0 0 0 0 0 0 0 1 0 0 0 0 0 0 0 0 0 0 0 0 1 0 1 0 0 0 0 0 0 0 0 1 0 0 0 1 0 0 0 1 0 0 1 0 0 0 0 0 0 1 1 0 0 0 0 0 0 1 0 0 0 0 0 0 1 0 0 0 0 0 0 0 0 1 0 0 9642.000000
